100 490
41 58
34 34
19 43
28 36
12 26
5 50
31 58
11 52
45 87
27 63
41 45
2 5
42 74
21 37
18 63
47 73
21 59
19 31
17 66
35 79
3 14
22 55
23 37
41 52
3 21
47 91
12 19
37 46
23 64
29 57
16 51
40 82
38 44
40 82
14 62
46 51
40 69
20 20
6 7
43 91
29 52
34 38
6 46
16 42
31 39
44 83
26 49
37 75
18 50
29 70
33 48
39 47
4 34
27 33
23 59
21 66
24 46
20 49
27 50
47 59
36 76
11 47
5 22
5 29
31 33
0 0
41 65
16 46
7 48
7 44
7 44
3 36
45 54
9 17
21 59
22 68
6 36
13 31
0 41
12 17
10 19
24 61
48 81
45 86
2 2
41 77
24 44
46 67
48 97
18 52
31 65
3 52
18 56
0 38
27 44
28 71
48 81
7 28
10 27
13 27
9 25
35 36
0 49
19 25
48 51
24 32
44 53
39 41
45 80
43 86
23 60
14 17
48 48
8 26
30 76
48 79
39 87
9 16
22 44
38 80
38 67
40 47
8 49
15 53
6 17
2 36
22 27
28 74
12 48
25 58
19 61
44 60
31 79
22 23
21 70
7 33
42 81
25 37
0 10
3 22
11 49
1 40
5 28
2 37
32 67
38 64
17 24
32 64
19 23
21 60
26 55
18 60
25 30
34 83
41 53
45 55
18 21
39 62
29 75
37 66
49 86
16 65
43 88
47 63
36 41
38 70
5 39
14 15
16 37
36 49
13 18
35 38
12 20
32 77
13 19
21 29
46 78
31 75
46 68
29 40
35 35
23 39
44 53
42 81
3 27
4 14
45 94
36 49
24 46
18 36
37 42
8 49
2 27
27 41
14 38
34 58
22 31
33 53
37 84
18 45
23 43
13 31
42 77
2 32
13 40
2 51
27 52
43 67
23 45
11 42
3 35
5 48
25 56
42 84
22 58
14 14
37 47
13 37
20 40
35 68
11 21
46 63
35 35
40 84
45 69
19 44
26 70
8 10
21 37
28 71
1 35
18 32
19 21
0 37
10 36
10 17
20 35
26 53
43 51
14 23
32 68
15 52
27 51
25 52
29 57
23 43
2 14
23 69
37 48
45 70
14 24
2 18
30 56
11 32
11 58
3 23
40 64
38 51
40 41
12 41
0 13
8 36
15 22
27 27
8 47
3 13
7 31
27 35
13 50
1 1
10 38
43 77
5 45
11 15
35 41
22 22
23 58
6 22
26 33
26 33
37 58
19 30
46 68
17 29
17 63
35 76
23 52
29 44
9 41
46 51
3 15
34 68
4 26
7 26
32 45
7 40
11 46
17 65
25 63
23 65
4 15
41 66
9 34
21 41
26 60
5 38
0 48
29 30
43 77
37 71
6 49
26 31
12 60
31 31
13 54
5 10
42 54
11 38
24 52
2 45
46 69
40 53
25 47
18 28
17 49
12 57
19 50
40 78
35 75
47 86
40 85
3 17
1 41
44 52
35 44
42 47
14 45
3 32
25 33
42 89
49 55
11 38
17 58
29 69
13 37
1 28
15 48
13 55
24 25
42 51
20 48
27 61
25 61
48 68
37 84
4 7
21 34
6 19
10 31
39 79
14 56
19 32
41 45
18 50
0 5
25 64
3 25
48 95
34 82
21 35
13 38
45 57
46 74
19 31
19 54
39 83
15 55
45 53
18 38
1 24
32 54
2 39
20 33
1 4
23 50
0 19
15 30
28 71
47 85
43 80
9 22
49 80
38 80
8 18
21 29
4 42
46 86
49 92
30 50
48 65
36 69
35 61
35 73
3 32
24 72
23 32
7 23
44 49
18 44
11 36
5 6
49 95
34 49
14 56
25 38
42 88
48 70
26 32
23 52
4 9
26 38
25 68
15 51
36 77
14 58
6 8
36 74
32 37
15 46
30 71
25 36
37 73
40 40
12 46
43 46
16 18
8 20
33 37
3 37
3 9
48 72
17 30
9 37
0 30
18 26
0 5
11 25
3 29
43 52
2 13
39 87
32 35
24 44
2 25
31 50
28 37
8 27
21 24
45 76
4 46
35 48
48 87
22 60
37 47
11 45
8 19
9 52
15 34
37 56
8 8
21 35
17 32
5 20
30 69
12 50
32 36
35 45
34 58
30 45
1 42
15 44
10 58
23 61
27 59
6 45
13 21
41 81
23 36
28 62
28 28
