2
30 10
8372 6317 1403 9395 4321 5572 5754 100 100 100 9916 5515 1769 8369 5783 3302 848 1824 2857 7092 7106 6045 7257 3930 5097 6838 784 8851 9275 8572
759 3277 3722 3546 1346 4098 489 7221 1086 2378 2256 9875 7799 2127 5873 9457 685 5953 2667 8768 1832 2939 7438 7487 3577 22 5425 8767 4115 6684
2545 1971 4218 7008 347 5318 5947 7196 8828 2594 9612 475 695 622 757 7928 9159 5511 5296 6726 8373 2051 2252 3682 6459 2738 6712 9430 6218 198
4110 4736 6857 548 3390 9410 2463 1018 5245 1226 2692 8132 7437 1301 9075 9306 2159 8240 9394 1421 5910 2159 1013 722 9006 2849 7312 6093 1341 1844
2763 4530 8137 2933 8923 7895 3994 9819 1950 1054 8976 709 551 4914 6744 3728 668 8768 2300 2061 3932 1177 2137 7155 2372 6548 3909 4881 8260 8185
2688 8087 3550 7883 2186 7653 5038 2246 2294 403 6032 4089 3805 1075 7694 1429 5798 2228 7481 3944 6708 377 6315 4483 6896 1145 1275 7858 5705 4504
9920 2589 8218 9046 4105 2938 251 1719 4924 9238 9562 6163 9597 2580 3323 9742 65 8037 7869 4106 3028 2489 6768 3387 6904 148 8116 7467 6976 8468
2835 1824 8028 4754 2546 1211 5925 7863 9411 4402 2347 849 8687 7697 9036 7239 8050 3340 8728 8041 2312 2264 2323 5851 6327 7739 1179 9924 5340 3984
5771 8753 666 9999 8975 7535 2528 1133 2009 4618 7515 2496 4500 303 3100 8438 5014 2569 5435 7719 4331 6618 9020 2439 815 9271 8929 6529 9740 1898
3120 4160 9926 7346 5958 4799 5971 8429 1100 3732 1327 6185 3802 3704 926 4392 1241 7419 4163 1330 9853 2405 945 3583 1203 5968 6528 709 9510 4836
1075 7102 4856 2595 439 1134 704 2279 110 2340 1743 1224 4349 6575 1672 7714 3523 2851 5935 966 7387 2843 2608 4448 3923 6161 5380 8714 5150 7452
2703 4191 6023 3978 8957 2881 2584 3566 1055 4943 4841 1579 8480 4193 8588 818 6989 5126 2073 7288 9477 1009 6022 9148 4701 9039 345 1751 8615 444
2177 5045 5603 8103 7777 67 2678 5283 4831 6346 7323 8975 7036 3099 1416 3287 6452 4970 9778 6828 5945 6720 3011 611 1211 8844 1291 6122 5803 4090
8516 992 3536 7287 1163 997 7417 324 8284 127 2692 2201 2285 2542 4847 5723 3966 7523 5693 6113 6990 4621 5163 7571 994 7363 7299 1556 7234 2089
9313 2626 6004 253 2196 1771 334 4817 8375 5411 6886 2270 2113 2115 107 262 2618 8452 4554 3211 1727 6812 5274 9519 2103 8136 5657 1691 134 2395
1546 2548 5010 8678 847 6491 7093 9881 5460 2419 4739 6792 140 6008 1612 865 7424 8734 1508 7693 452 2264 4241 1734 8204 1755 1493 6888 5312 5154
9836 266 2940 2323 9384 5439 2283 5265 8667 5720 8581 1412 4644 1644 246 1862 4607 7019 2257 1007 3334 1727 9477 2195 4428 5492 3518 778 5948 9706
8815 6608 6957 3401 7055 9918 4041 1812 1170 3273 6094 2720 8666 3082 2420 4551 9949 9790 4320 1864 632 6575 2264 6242 9988 3346 9448 2033 1416 2482
3205 8807 5567 509 9088 7215 6460 8589 2942 270 8907 4506 7285 7034 6074 7934 9209 6432 840 1514 2712 6017 1660 4151 2050 4333 889 8895 733 8019
720 1980 3352 4886 1047 4145 9791 3684 649 5273 7934 8996 7439 8556 1657 4142 9165 5689 1276 3920 6751 4352 7710 8349 9685 4431 2636 3736 2701 2080
5683 9442 2720 3601 1597 4977 1280 7636 6896 1345 6049 8888 5987 815 2020 616 7363 5011 4924 5282 5541 2750 3131 3994 8748 5989 5980 1792 5245 6829
2647 4511 433 7783 1168 3656 1036 9053 64 6703 1436 1454 6009 2035 3651 422 8452 3172 1288 4402 2798 2096 8507 1603 3202 8959 3992 7089 1512 5360
7294 6161 5103 627 8161 8314 8438 6600 1580 6196 2818 9896 5947 1826 811 4835 903 9922 8615 9849 1827 8099 3627 3501 1799 5494 3503 2295 5883 6360
3105 2408 3015 6159 9453 4932 9705 1794 6604 7179 3798 5662 7195 5832 4 2998 3198 5550 4535 8827 9396 4335 8875 7373 715 544 9394 5152 1111 953
61 4002 1120 497 7296 8652 5626 298 5714 1080 7434 1048 6146 4114 9701 1495 848 370 1770 7198 9227 1288 6531 383 5527 56 1527 9025 8690 409
3652 1951 3670 4009 9004 5330 4609 115 9629 6892 2803 6211 4086 311 3896 89 7383 1166 8296 6525 5896 6473 2011 8866 9068 111 9152 5005 455 5655
1135 4040 365 5136 8126 8626 5437 7362 7313 7194 8015 3252 9094 9324 7722 7360 208 9530 5065 3027 7058 3375 798 4825 574 7760 8296 5705 8622 9332
4353 9132 1603 5158 9963 420 8044 1128 492 3499 122 5641 647 745 5905 8042 2589 9963 8897 5790 6420 7024 7190 8321 6935 4613 2189 1579 9886 7715
8777 1172 1471 7367 4548 5818 2773 8851 2313 1344 2240 2628 5634 1386 701 804 4365 1014 936 640 7829 4093 5663 4236 3646 5323 3384 5717 6480 5802
4518 3991 5960 2454 6984 7489 2316 2717 100 100 100 1829 9073 4549 100 100 100 100 8802 7912 1937 8359 5522 2606 4786 5806 3952 6596 7227 8929
27 6 1
10 23 2
13 22 2
12 27 4
6 11 1
26 2 1
18 29 1
9 6 1
5 10 2
2 28 2
