1000
20738
27814
29845
6154
30782
19302
13254
8197
35
1947
17539
28940
28370
17685
24531
28904
6125
1468
20917
31758
4392
6295
25738
18547
9038
3810
25780
13679
8
24176
9
60
1384
1278
8534
20713
9534
2753
20386
2548
17549
273
4
18036
2817
2056
18325
18236
362
28750
9812
5218
9
5
1
9
25
35
17
43
1
2
3
4
56789
1
2
3
4
5
6
29
38
47
7
7
7
70
5
5
5
325
4
4
8136
26197
24690
14039
4526
6047
9506
8567
3862
82
2458
17245
27968
5870
7928
21864
6405
8207
26785
24783
10
23
13742
2596
9025
2067
31560
12537
80
18237
10934
23097
30169
27649
15
4281
25473
10423
27480
16870
1364
30956
15023
4683
16934
13405
4071
24695
12895
24310
10523
9038
14098
5849
6382
31097
5209
32174
15038
14652
31204
26097
503
6415
23804
5872
28091
26845
21056
782
8290
3672
9781
17925
12768
20435
1587
20316
14893
24185
15827
9012
893
24516
27301
10623
5436
2095
719
23798
613
30548
28367
10936
6571
26130
7264
17469
26154
28107
9016
12405
10975
23519
21730
6893
3042
6084
12973
6358
27356
9264
27435
7961
21306
23471
23860
32461
134
784
5124
9632
914
6592
14627
12835
6384
2138
24691
5876
8243
7689
32615
21670
30714
21645
21038
12857
1407
30674
27138
23704
860
17345
26140
19376
210
2713
17689
24039
19862
2769
20683
8217
5870
19506
9075
23786
1264
13204
25167
925
1863
9316
13859
25679
25748
24158
5136
25418
16342
14583
1268
23589
1986
29437
6531
869
6985
28634
20971
6491
24803
19082
7219
296
9537
25401
6870
4130
18037
30468
23498
19865
9126
18563
5241
9310
12309
304
28795
21457
9068
13407
14725
17934
15498
13240
18602
32670
26439
28731
4715
18432
12803
17450
12584
4769
4256
6190
6532
26941
249
14380
19634
20479
4905
16502
25690
26810
8126
19425
12594
4608
24719
3150
13745
6017
18065
29047
19580
31247
4391
17832
19582
1487
932
31274
26158
9754
5139
9163
4965
25807
163
25860
4680
5413
25943
26504
5807
29476
30786
31548
1593
24306
12473
17590
9264
31472
21783
3456
27498
320
4723
6295
12097
1975
23547
24058
17826
10965
9872
4086
26439
19846
32057
18250
720
9810
19283
4986
931
20497
32089
35
1467
2815
29741
26587
12684
30649
20375
29708
19637
14963
2605
9602
21086
4726
14890
8369
2507
18350
3748
9703
25413
17046
13769
23406
15792
16804
27643
14058
17356
20641
24671
6123
9308
28534
1093
14835
964
6193
2684
21846
15942
17835
21304
26841
16075
28019
169
12786
519
8167
8501
9236
14526
31467
6832
9240
5961
7263
14270
4751
9436
9483
7945
24167
17306
6718
23067
28105
21546
30657
26317
16093
23984
16802
15834
14285
4251
4237
14037
2561
6531
253
26581
236
32190
2791
347
29748
1469
25869
6571
18504
9328
15486
3760
17832
3561
28753
348
4921
13087
510
2756
527
25981
4528
23714
9304
23741
4360
24951
6510
6741
18375
5379
2754
15324
12798
20187
5620
9067
13046
26490
3182
4650
17960
7235
16948
6419
20957
10296
24138
21846
1507
24639
2089
31275
14782
5908
7892
20691
18356
19708
19830
32680
28710
7138
12583
25690
16073
12893
23167
10246
16537
609
17590
30746
24907
763
7692
16592
614
18359
6083
2543
6815
4539
12736
1826
329
23471
23467
17359
803
29875
4179
31750
17062
18354
8620
2907
10245
19704
21674
29768
17408
4371
29061
12608
3946
9160
25763
14076
5216
1369
17356
3602
25836
21697
13286
7219
5136
14928
25493
10549
29745
14230
1
2
3
4
56789
1
2
3
4
5
123456
29
38
47
43
20813
26739
20436
840
21754
2968
3640
13695
3012
26193
7430
25487
30792
9407
32469
24916
30764
19208
17395
5623
25360
21745
5461
21345
27940
10724
19370
7365
8012
16025
6137
17032
32497
7518
25390
7180
25784
20438
30942
1982
17038
1952
28674
16743
32417
28197
4173
3598
30781
8392
28315
26735
7305
26097
5219
28913
1864
12609
691
1604
5809
31654
18590
29638
24639
2983
6059
28613
29041
27169
28190
7652
19680
16782
29675
23801
14503
3709
27914
4201
2986
23098
31896
15903
3927
30287
401
18624
13940
946
13890
13698
12074
4609
5820
4208
4520
17602
31790
23816
16048
30956
24593
26759
2709
1235
31207
9426
17362
27914
782
14327
10743
30146
29845
6835
26143
30142
29476
713
23967
31706
30417
32419
46
437
2907
7156
2354
32641
4520
6287
23718
10539
21698
2976
17428
5910
8029
14250
3721
765
31570
5937
12975
12804
27094
19048
18972
2831
21567
16794
16893
28137
9608
7523
10685
21645
27186
18027
7920
3859
9524
25719
812
1849
15432
8730
31054
26903
23470
15793
1627
64
4921
219
28436
7418
27384
18560
30467
20719
15897
8910
6798
1758
27358
29381
30628
3178
72
23679
4970
1790
19825
25087
2073
19348
21693
13502
8127
16823
16459
1394
7458
3152
1836
18603
1506
13958
24851
31025
19408
3715
31086
5276
17968
28463
4135
2716
25481
26937
26308
6731
23649
15340
18765
12056
7940
31952
28794
10795
28136
478
19268
28154
16705
6978
5306
19527
13097
5023
14372
10752
5164
17623
7392
9430
7403
24078
19742
5127
15839
2753
1759
3261
15843
21749
23951
18054
5319
3816
32584
32701
2908
4715
17398
21904
15728
3187
13684
24158
15076
7819
21957
10483
30841
19682
18567
5130
178
3591
641
14328
19634
17435
28604
3850
30657
14592
4278
16432
4182
25716
7352
6804
24173
19427
12973
1590
12034
12496
23750
14987
23104
10578
2735
17296
19062
25970
15230
20754
8726
16980
15328
26378
17956
19458
7241
26954
1730
12534
21597
26409
28046
8219
6493
1346
7318
27851
24190
7861
4201
12965
30458
14836
2185
18406
13876
4270
27568
30872
1689
31642
2679
7651
15709
7261
5084
6739
14678
12539
6187
7495
10269
6798
3126
25916
30481
25439
32014
27031
17584
21560
24398
6187
7652
13679
9763
29740
21386
20361
27654
31429
2810
453
14932
27354
1
2
3
4
5
1
2
4
5
29
38
47
10632
851
892
893
8503
1529
210
2105
